1.13
1.25
0
1.6
23.81
1.5
2.75
2.44
1.47
2.74
0.21
0.98
1.82
2.57
0.22
0.42
1.09
0.06
1.09
0.53
2.68
2.45
1.25
2.18
0.07
17.16
77.57
2.09
1.18
8.54
3.19
1.76
1.47
0.03
2.66
49.17
0.57
0.46
3.76
2.5
0.64
0.01
1.07
1.86
2.06
0.28
1.14
2.13
0
0.51
1.09
1.94
2.23
0.48
1.61
3.28
0.36
1.68
1.12
1.95
2.39
0.45
0.01
0.46
2.69
4.08
1.08
1.6
7.84
1.22
4.82
0.18
1.71
0.79
8.25
2.16
1.61
1.43
1.96
2.04
1.17
1.01
0.23
1.52
0.14
0.87
0.4
0.27
2.01
0.09
0.5
0.43
1.55
0.79
2.42
0.27
0.01
0.01
0
3.06
2.2
0.17
0.49
0.7
2.39
0
1.42
2.59
1.03
50.65
2.39
1.45
1.45
0.04
0.01
0.98
2.18
0.02
0.04
0.01
3.56
0.06
0.31
0.56
0.01
0
0.81
0.51
3.46
0.81
1.54
7.47
1.12
3.81
2.9
0.41
0.58
2.43
0.01
0.59
0.23
0.27
0.46
2.84
3.11
0.87
0.01
0.48
0.01
1.5
0.01
0.19
0.58
0.01
1.32
1.32
0.33
0.01
0.65
0.01
0.01
2.12
7.23
0.68
0.68
0.68
6.37
5.43
2.6
0.81
0.21
0.93
0.19
0.03
0.28
0.28
0.02
2.1
0.78
2.6
3.38
0.4
0.14
1.48
0.98
0
0
1.96
0.46
0
69.84
2.7
1.16
0.24
0.52
0.51
2.89
2.18
0.01
0.5
4.56
0.01
0.25
3.15
3.92
1.05
0.81
1.66
0.74
0.01
2.57
0.01
0.01
0
4.46
1.11
6.23
1.98
0.6
0.37
1.48
5.49
1.67
2.89
0.48
6.24
1.11
0.01
2.71
0.42
3.11
0
0
0.54
8.72
1.83
0.57
0.01
3.18
0.01
0.9
4.11
1.07
7.17
0.38
0.57
0.01
0.91
1.86
3.7
2.98
1.46
3.2
0.4
0
0.01
0.71
0
2.35
0.01
17.42
0.01
7.63
1.45
1.39
5.65
0.76
0.01
0.57
0.54
0.48
6.01
0.31
0.93
4.64
1.24
1.52
0.01
1.84
0.4
0.65
3.27
9.08
9.23
45.21
2.54
0.75
1.08
2.54
0
6.22
0.47
3.13
5.39
0.95
1.84
3.04
6.73
1.1
0.01
0.33
0.12
0.99
6.23
0.87
2.18
1.26
1.28
2.24
0.3
0.01
1.87
4.35
1.86
0.67
0.74
2.18
9.47
1.02
6.1
1.25
1.16
1.89
9.55
0.36
1.52
0.01
2.62
0.21
0.49
5.64
1.18
0.01
3.28
1.72
0.84
0.88
5.53
0.67
0.98
0.16
5.86
0.66
10.33
1.44
1.23
0.34
0.34
0.2
0.2
0.01
0.33
0.84
2.01
1.72
0.17
0.17
3.81
2.56
4.08
0.01
0.82
0.82
1.5
1.1
1.85
1.85
1.5
0.63
0.63
0.4
0.01
0
7.66
1
0.01
0
1.47
0.32
7.26
1.58
2.37
48.76
7.61
0.01
1.68
7.21
1.91
2.43
1.94
1.32
1.09
0.01
5.7
1.4
2.66
0.42
0.03
0.9
2.07
4.46
0.01
6.82
1.22
0.76
4.31
0.65
2.14
3.2
0
4.54
0.76
0.85
0.36
3.27
5.68
0.01
0.95
2.41
7.27
1.01
1.77
6.83
9.71
0
0
0
1.48
1.48
9.06
0.16
0.53
0.53
1.65
0.45
0.45
5.87
0.02
0.48
3.23
5.46
0.34
2.12
0.35
0.01
0.52
0.02
3.73
1.95
0.01
0.31
4.3
2.49
0.51
0.01
1.34
0.53
0.53
6.08
0
0.76
0.43
2
1.47
0.94
0.44
1.76
2.35
1.69
1.1
1.11
0.01
0.57
1.54
2.86
0
0
2.03
5.33
1.5
0.36
2.62
0.69
4.14
2.05
0.53
0.01
6.8
3.9
1.41
1.32
0
0.54
0
3.1
0.26
1.06
0.66
1.24
0.97
0.46
0.71
4.76
3.92
1.18
1.42
4.65
0.03
1.92
3.68
0
0.87
0.94
1.37
0.14
2.94
0.64
0.28
1.06
1.06
