2.55
0.02
0.07
1.19
3.81
4.29
3.06
0.19
2.94
0.63
0.01
0.11
0.72
0.27
2.91
0.6
0.26
2.08
3.59
0.35
0.01
0.01
0.01
0.02
0.23
0.01
0.52
2.56
3.58
1.71
1.55
1.55
0.04
0.67
1.38
0.56
6.39
1.15
5.89
1.17
0
1.46
0.12
3.92
7.05
6.06
0.54
1.31
1.82
0.4
0.14
0.85
1.29
1.26
3.07
2.95
0.01
1.59
3.41
3.8
2.48
2.72
2.27
0
0.01
0.64
2.81
5.72
0
8.82
0.32
8.64
0
7.54
1.55
0.6
3.21
3.1
0.53
8.73
8.83
0.02
0.01
0.23
8.64
0.03
0.01
0
0.01
2.72
3.33
1.46
5.52
1.15
2.95
2.95
0.04
0
18.56
2.26
3.57
0.01
1.29
0.01
1.38
0.78
0
0.01
2.05
7.07
2.76
3.1
2.78
3.07
9.08
1.13
0.42
0.54
4.94
2.2
2.55
0.46
1.36
2.54
0.85
0.16
8.71
8.16
0.01
4.71
5.03
2.46
7.39
0.32
1.54
2.45
3.79
2.41
8.66
0.01
0
0.65
0.02
2.9
2.61
1.17
5.69
3.01
4.13
0
1.25
3.03
9.55
1.95
3.66
2.79
6.19
0.81
5.01
0.02
1.58
1.75
2.94
3.08
0.95
3.01
0.37
3.56
0.02
1.19
1.53
1.99
4.31
1.63
1.43
1.43
0.92
2.58
1.51
6.55
0.99
1.07
6.58
0.5
0.5
0.97
0.6
7.26
1.58
7.62
0
0
1.64
1.96
8.18
1.3
8.2
0.01
0.36
8.29
1.39
0.04
0.01
0.01
4.98
3.98
2.61
0.64
9.07
0.02
4.87
3.27
5.75
2.02
1.28
5.05
0.01
3.22
0
2.86
1.67
1.04
6.8
9.71
2.97
2.9
0.01
6.51
2.55
0
0.14
8.12
0.01
1.34
0.02
0.18
8.98
0.88
1.33
0.09
1.78
1.08
0
5.02
0.94
40.09
0.57
7.11
1.63
0.57
6.25
0
0
0
0.21
1.65
1.16
0.01
1.97
0
0.76
1.73
1.56
2.08
0
1.14
1.51
0.01
3.43
0
0
0.49
0
1.25
2.62
0.08
0.01
0.67
3.64
0
6.29
0.13
0
3.46
3.14
0.53
0
0.31
4.47
0.02
0
2.57
1.3
0.57
0.52
7.98
1.37
10.52
10.52
0.09
0
0.96
1.08
0.89
1.56
2.92
2.92
3.13
0
0
0
3.13
0.01
0.01
1.38
0.1
0.99
3.78
0.01
1.77
5.22
