1.25
0.02
0.01
0.01
0
0.04
0.03
0.52
0.02
0.03
0.01
0.02
0.01
0.87
0.32
0.01
0
0.03
0.01
0.02
0.01
0.01
0.01
3.07
0.73
0.01
0.12
2.92
0.01
0.03
0.88
0.01
0.01
1.46
0.06
0.77
2.57
1.83
0.01
0.91
1.38
8.98
0.01
0
2.19
0.01
2.19
5.19
1.43
0.39
0.37
4.76
2.53
0.24
0.28
2.07
0.74
0.82
2.76
0.89
0.1
0.02
0.01
1.71
0.38
0.4
0.52
0.01
2.2
0.48
0.43
0
0.01
4.69
2.09
1.78
0.78
0.38
3.57
1.73
0.01
1
0.01
0.67
0.01
1.42
0.18
0.53
2.81
0
1.87
2.6
1.03
1.14
0.86
7.62
3.36
0.42
0.14
1.51
2
1.88
0.8
0
1.39
0.61
2.15
1.27
3.05
4.55
3.42
3.8
2.65
1.66
0
1.03
2.29
3.2
4.45
1.15
0.34
0.23
2.97
5.63
1.85
4.31
0.21
2.63
9.62
3.49
0.32
3.09
0.45
7.45
1.79
5.79
1.3
1.73
1.75
1.12
3.63
2.97
6.15
0.57
0.25
1.14
5.1
1.97
17.5
2.18
2.27
2.72
1.49
2.2
0.67
3.61
5.87
2.75
0.79
0
1.25
1.05
0.74
1.44
2.17
1.55
2.5
1.55
0.03
45.18
4.37
2.54
3.74
1.59
8.18
3.04
6.73
7.54
7.4
0.33
2.72
1.26
1.28
2.56
2.44
2.11
0.68
0.01
2.93
9.47
7.11
0.01
1.25
3.03
0.01
9.55
1.42
0.51
5.64
2.8
0.4
0.31
5.48
0.01
0.82
2.13
2.89
1.81
5.87
0.01
1.59
8.73
1.42
0
1.58
3.78
3.59
0.02
1.73
6.43
1.59
0.2
0.88
2.74
0
0
0
0.18
0.37
0.37
0.98
1.44
2.24
0.77
1.56
5.06
2.21
0.87
0
9.3
9.22
9.46
0
0
8.2
3.01
5.13
0.02
0.01
6.81
9.27
3.11
1.8
0.01
2.39
1.88
0.58
3.28
9.04
8.28
6.79
9.7
0.01
5.73
2.83
0
0.01
6.06
2.98
9.62
0.03
3.74
0.03
0.01
5.37
7.25
0.9
16.94
47.15
0.01
0.01
0.58
4.14
2.28
0
1.37
1.85
1.11
0.32
1.05
2.17
0
1.64
1.35
1.54
0
1.07
3.23
5.01
0.47
0.01
0
0.01
6.51
0
0.01
0.01
1.27
3.47
2.78
4.04
0.9
2.74
3.2
4.49
2.5
0.56
1.36
0
1.82
1.13
1.34
1.93
6.6
2.76
0
0.02
6.61
23.68
1.08
2.46
0.02
0.01
0.01
6.56
5.53
3.05
0
0
2.46
0.01
0
0
0
0
0
0.01
