1.21
4.02
1.77
1.41
0
0.01
0.56
1.4
0.53
2.25
0.82
0.91
1.52
5.02
0.8
2.11
1.16
0.07
5.12
2.03
0.91
0.83
1.5
4.69
3.32
2.3
0.01
0.53
0.63
2.31
1.31
0.01
2.47
0.78
2.58
2.36
0.01
3.05
1.54
0.77
0
0.01
0.01
0.09
1.57
0.01
0.86
2.5
0.32
1.31
0.1
6.55
1.13
0.67
5.05
0.02
3.21
0.86
6.8
9.71
5.15
0.62
2.78
5.66
0.01
0.15
1.11
1.67
9.62
0.23
1.27
1.15
0.36
0.05
0.65
4.87
4.22
6.08
1.11
2.61
0.24
0.04
0.07
25.65
0.92
0.69
15.61
23.81
0.67
1.26
4.47
0.24
0.41
1.42
2.03
0.02
1.4
0.01
0.07
1.97
0.88
0.01
0.2
0.42
0.02
0.01
1.49
3.99
0.86
0.13
0.03
1.27
0
0.46
0.26
1.95
2.15
2
1.78
1.36
4.26
1.09
0.24
0.61
0.55
0
1.37
0.35
0.97
0.73
0.02
0.68
1.76
0.37
0.89
1.36
0.01
0.4
1.5
2.46
0.03
0.86
0.63
0.62
0.02
3.19
2.31
0.62
0
1.66
2.28
1.34
0.66
0.56
0.63
4.8
1.71
1.74
0.03
0.58
0.73
0.65
0.64
0.51
1.64
1.23
1
0.04
0.9
1.72
0.4
0.18
3.3
0.01
0.52
0.75
0.01
2.02
0.66
0.31
1.97
0.28
1.6
0.81
0.82
0.01
0.84
0
0.31
0.9
0.91
1.15
1.79
2.13
2.11
2.02
1.81
2.13
2.99
3.44
4.82
0.29
0.53
2.95
1.57
3.65
16.88
1.42
0.28
2.72
3.15
5.24
8.08
2.59
0.8
0.64
2.02
0.97
7.26
3.12
1.65
1.27
3.86
1.31
6.37
4.03
