2.28
1.75
1.78
0.38
0.12
0.76
2.63
2.16
0.02
0.87
17.11
1.06
0
0.61
1.61
0.13
2.5
0.25
0.31
6.79
2.5
2.77
3.02
3.78
1.53
2.44
2.73
1.53
1.53
1.21
1.21
90.07
1.91
0.44
3.41
1.49
3.89
3.05
0.34
2.19
3.23
0.77
1.56
48.37
2.47
0.14
2.2
2.68
0.91
3.22
2.16
4.33
2.44
1.77
1.7
2.94
0.01
0.52
1.51
2.25
39.94
3.63
3.29
4.38
1.53
1.8
1.7
8.27
0.96
2.45
2.27
73.26
1.88
1.6
3.39
1.39
1.08
1.14
0.08
0.01
0.82
3.52
0.27
0.81
2.25
0.67
1.7
0.27
1.31
2.41
4.68
1.65
1.85
3.09
2.23
2.72
2.87
0.28
3.55
1.46
3.49
4.01
4.69
0.83
48.86
1.85
3.36
0.78
3.09
3.21
3.59
7.57
1.5
0.03
0.01
0.01
1.46
2.55
1.76
3.63
0.22
0.01
2.63
0.01
0.01
1.32
2.76
0.32
0.01
0.01
0.01
0.02
0.54
0.78
0.08
0.15
0.01
0.02
1.3
0
1.63
0.57
1.17
0.63
0.67
2.15
3.78
9.08
5.69
3.06
3.57
0.82
3.61
1.32
0.41
0.31
0.65
2.93
4.82
1.08
2.61
0.02
3.61
0.01
0
0.38
0.53
0.22
0.56
0.04
0.28
3.78
0.01
0.4
1.03
2.84
0.92
0.09
3.44
1.82
0.01
1.49
0.02
1.56
0.28
1.67
0
1.37
2.19
1.23
3.06
3.8
2.64
3.76
0.01
0.01
0.01
0.01
0.01
0.01
0.01
0.01
0.03
0.01
2.88
2.65
8.81
1.02
0.76
1.27
1.19
1.67
2.38
6.71
3.01
0.7
2.3
3.06
1.57
1.52
1.81
8.76
2.02
0.99
2.97
0.82
3.3
2.54
2.69
3.83
0.43
1.36
1.53
0.17
1.09
1.73
1.42
0.26
31.94
0.15
2.7
0.52
0.62
2.08
1.13
3.08
0.14
3.25
0.53
1.55
0.99
0.01
0.6
0
1.23
1.51
2.38
0.67
2.1
1.15
2.79
0.92
2.82
0
1.11
8.1
45.21
2.3
2.55
5.69
3.57
0.13
0
2.76
0.31
0.4
0.08
4.8
2.26
1.9
7.54
1.25
6.15
1.94
2.16
0
0
1.52
2.54
0.98
0.08
0.79
0.64
1.82
1.61
4.96
0.22
1.88
0.67
1.58
1.09
2.51
3.25
1.13
1.87
0.98
0.01
0
3.02
6.51
3.02
3.99
0.01
0.01
0.01
1.81
1.47
1.03
0.02
1.95
0
0.45
3.88
2.68
3.13
0.01
1.29
0.02
1.57
3.92
3.55
3.33
0.02
0.01
3.29
7
1.59
3.52
0.01
0.36
3.61
0.01
3.45
1.24
0.7
4.41
1.26
6.84
1.95
2.03
3.74
2.62
3.63
1.51
1.29
0.02
1.46
4.48
2.78
0.91
0.12
0.95
0.01
0.31
1.14
0.91
0
5.06
2.22
1.58
47.7
3.65
0.12
2.21
1.65
1.94
3.13
0.3
3.67
2.43
0
0
0.03
2.45
2.31
0.1
2.55
6.81
3.54
3.52
2.93
0
7.11
2.48
9.08
1.03
1.48
2.73
2.02
1.02
6.74
0.01
9.71
0.01
2.93
0.42
9.06
0.54
2.31
1.86
2.19
1.38
1.33
0.21
0.01
0.68
2.08
0.54
2.13
1.51
1.49
0.81
3.58
0.02
0.05
0.13
0.01
0.02
0.88
16.93
7.3
0.24
4
0.58
3.25
1.67
0.51
0.68
1.56
0.01
0
2.69
6.29
1.81
0.34
1.84
0.93
1.11
4.09
3.23
0.07
0.01
2.85
4.11
2.26
0.01
0.01
0
1.61
0.21
3.64
1.06
3.31
5.15
0
0
0
5.47
3.14
3.69
3.11
0.01
3.57
2.83
1.97
0.01
1.46
1.23
0.78
0.01
0.02
0.58
2.66
0.3
2.29
0.94
1.46
1.71
2
1.02
1.67
2.49
1.45
0.83
2.39
3.2
1.6
18.37
0.96
0.06
1.11
0.49
3.5
0
4.21
4.21
1.65
1.65
2.39
0.01
3.03
3.25
3.13
2.52
2.43
1.85
1.06
5.47
2.45
2.05
